000002
000004
000005
000008
000011
000012
000013
000014
000016
000024
000025
000026
000027
000029
000030
000031
000032
000033
000034
000035
000036
000037
000038
000042
000044
000045
000046
000049
000051
000054
000055
000058
000059
000062
000063
000064
000066
000068
000069
000070
000071
000072
000074
000075
000076
000077
000078
000079
000080
000081
000082
000083
000085
000088
000089
000090
000091
000093
000095
000097
000098
000100
000101
000103
000104
000105
000107
000108
000110
000111
000112
000113
000115
000116
000117
000118
000119
000120
000121
000123
000124
000125
000126
000127
000130
000132
000134
000136
000137
000138
000139
000146
000147
000148
000150
000151
000154
000155
000156
000158
000159
000160
000161
000162
000163
000165
000166
000168
000173
000174
000175
000179
000180
000182
000183
000186
000188
000191
000193
000194
000195
000198
000200
000204
000206
000208
000211
000212
000217
000218
000219
000220
000221
000222
000223
000224
000225
000226
000227
000228
000229
000230
000231
000232
000235
000236
000237
000238
000239
000240
000241
000242
000244
000246
000247
000248
000249
000250
000251
000254
000257
000259
000263
000265
000267
000268
000269
000273
000274
000276
000277
000278
000280
000281
000282
000283
000285
000287
000288
000289
000290
000293
000294
000295
000296
000299
000301
000302
000303
000304
000306
000307
000308
000309
000311
000312
000315
000316
000318
000319
000320
000321
000323
000324
000326
000327
000328
000329
000330
000331
000332
000333
000335
000336
000338
000339
000340
000342
000343
000345
000347
000348
000349
000350
000351
000352
000353
000354
000355
000356
000358
000359
000360
000361
000363
000364
000365
000366
000368
000370
000371
000372
000378
000380
000381
000383
000384
000388
000389
000390
000392
000393
000395
000397
000399
000400
000403
000405
000406
000407
000408
000411
000414
000415
000417
000418
000419
000420
000421
000423
000426
000427
000428
000429
000430
000434
000435
000436
000437
000439
000441
000442
000443
000445
000448
000449
000450
000452
000454
000456
000458
000459
000460
000461
000462
000463
000464
000465
000467
000469
000471
000473
000474
000476
000477
000478
000479
000480
000481
000482
000484
000486
000487
000491
000492
000493
000494
000495
000496
000497
000498
000500
000503
000504
000506
000507
000509
000511
000512
000514
000516
000517
000519
000520
000522
000523
000525
000526
000527
000528
000529
000530
000532
000533
000534
000535
000536
000537
000538
000540
000544
000546
000547
000550
000551
000552
000553
000555
000556
000557
000558
000559
000560
000561
000562
000563
000565
000568
000570
000572
000574
000576
000579
000580
000582
000583
000589
000590
000595
000599
000600
000601
000602
000603
000604
000606
000608
000609
000612
000614
000615
000616
000617
000619
000620
000621
000622
000623
000624
000625
000627
000629
000630
000631
000632
000633
000634
000635
000636
000638
000642
000645
000647
000650
000651
000654
000655
000656
000657
000658
000660
000662
000665
000667
000668
000669
000670
000671
000673
000676
000677
000679
000680
000681
000682
000683
000684
000685
000686
000687
000689
000691
000692
000693
000694
000696
000697
000698
000699
000700
000701
000703
000704
000706
000709
000710
000711
000712
000713
000715
000716
000717
000718
000719
000721
000722
000723
000725
000726
000727
000728
000729
000730
000731
000732
000733
000734
000735
000737
000738
000739
000741
000742
000743
000744
000745
000747
000748
000750
000751
000752
000755
000756
000758
000759
000761
000762
000763
000764
000765
000766
000768
000769
000771
000772
000773
000776
000777
000779
000780
000781
000783
000784
000785
000786
000788
000789
000790
000791
000794
000795
000797
000798
000802
000803
000804
000806
000807
000808
000809
000811
000815
000816
000817
000819
000820
000821
000822
000823
000824
000826
000828
000829
000830
000832
000833
000834
000835
000836
000840
000842
000843
000845
000846
000847
000848
000849
000851
000852
000854
000855
000856
000857
000858
000860
000862
000863
000864
000866
000867
000869
000870
000871
000872
000873
000875
000876
000877
000881
000882
000887
000889
000890
000891
000894
000896
000897
000898
000899
000900
000901
000902
000903
000906
000907
000909
000911
000912
000913
000914
000915
000916
000917
000920
000921
000922
000923
000924
000925
000927
000930
000931
000932
000933
000935
000936
000937
000938
000939
000940
000941
000942
000945
000947
000950
000951
000952
000954
000956
000957
000958
000960
000961
000962
000963
000964
000965
000968
000969
000972
000973
000974
000975
000976
000978
000979
000980
000984
000986
000987
000988
000989
000990
000991
000992
000993
000995
000998
000999
001001
001002
001004
001005
001006
001008
001010
001012
001013
001014
001015
001017
001019
001020
001022
001023
001025
001026
001028
001030
001031
001032
001033
001034
001035
001036
001037
001038
001039
001040
001041
001042
001044
001046
001048
001049
001050
001052
001054
001056
001057
001058
001059
001061
001062
001063
001064
001065
001066
001067
001068
001069
001070
001071
001072
001074
001075
001077
001079
001083
001086
001087
001088
001089
001090
001091
001093
001094
001095
001096
001097
001098
001099
001100
001102
001104
001105
001106
001107
001108
001110
001111
001112
001113
001115
001116
001118
001119
001120
001121
001122
001125
001126
001127
001128
001129
001130
001131
001132
001133
001134
001135
001136
001137
001138
001139
001141
001142
001143
001145
001148
001149
001150
001151
001155
001157
001159
001160
001161
001162
001163
001165
001166
001168
001170
001171
001172
001173
001175
001176
001177
001178
001179
001181
001182
001184
001185
001186
001187
001195
001197
001198
001199
001200
001205
001207
001208
001213
001214
001216
001217
001218
001220
001221
001222
001224
001225
001226
001227
001229
001230
001233
001234
001235
001237
001238
001240
001241
001242
001243
001244
001246
001247
001248
001251
001253
001254
001255
001257
001258
001259
001260
001261
001262
001263
001266
001267
001269
001270
001271
001273
001274
001275
001276
001277
001278
001279
001280
001283
001284
001285
001286
001287
001288
001289
001291
001293
001294
001295
001296
001298
001302
001303
001304
001305
001307
001309
001310
001311
001313
001315
001316
001317
001318
001319
001320
001321
001322
001323
001325
001329
001330
001331
001332
001333
001335
001336
001337
001338
001339
001341
001343
001344
001345
001346
001348
001349
001350
001351
001353
001354
001356
001360
001362
001363
001365
001366
001367
001368
001369
001370
001371
001374
001375
001376
001379
001380
001382
001383
001386
001387
001388
001389
001391
001392
001393
001394
001395
001396
001397
001399
001400
001401
001403
001404
001406
001409
001410
001411
001412
001413
001414
001415
001417
001418
001419
001420
001421
001425
001426
001428
001429
001430
001431
001433
001434
001435
001436
001437
001438
001439
001440
001441
001443
001444
001445
001446
001447
001448
001451
001452
001453
001454
001455
001457
001458
001460
001461
001462
001463
001465
001466
001469
001471
001472
001474
001475
001477
001478
001481
001482
001483
001484
001485
001486
001487
001489
001492
001493
001494
001495
001496
001497
001498
001499
001500
001501
001502
001503
001504
001505
001506
001508
001509
001510
001511
001512
001513
001514
001515
001516
001518
001519
001520
001521
001523
001524
001525
001526
001527
001528
001529
001531
001532
001533
001534
001537
001539
001540
001541
001542
001545
001546
001548
001549
001553
001554
001555
001556
001557
001558
001559
001561
001562
001563
001564
001565
001567
001570
001571
001572
001575
001578
001579
001582
001583
001584
001585
001587
001589
001590
001591
001592
001593
001594
001597
001598
001599
001600
001601
001602
001603
001604
001605
001607
001608
001609
001610
001611
001612
001615
001619
001620
001622
001626
001627
001628
001629
001630
001632
001634
001635
001636
001637
001638
001639
001641
001642
001643
001644
001646
001647
001648
001649
001651
001654
001655
001656
001657
001659
001661
001662
001663
001665
001666
part2_000001
part2_000002
part2_000004
part2_000005
part2_000006
part2_000007
part2_000008
part2_000010
part2_000011
part2_000013
part2_000014
part2_000018
part2_000021
part2_000022
part2_000025
part2_000026
part2_000028
part2_000036
part2_000041
part2_000042
part2_000043
part2_000045
part2_000049
part2_000054
part2_000058
part2_000059
part2_000060
part2_000062
part2_000065
part2_000067
part2_000068
part2_000070
part2_000071
part2_000072
part2_000073
part2_000075
part2_000079
part2_000084
part2_000089
part2_000090
part2_000093
part2_000096
part2_000097
part2_000098
part2_000099
part2_000103
part2_000107
